File: Wampler1EM.txt

URL Reference: http://www.itl.nist.gov/div898/strd/lls/data/Wampler1.shtml

Dataset Name:  Wampler1 (Wampler1.dat)

Reference:     Wampler, R. H. (1970). 
               A Report of the Accuracy of Some Widely-Used Least 
               Squares Computer Programs. 
               Journal of the American Statistical Association, 65, pp. 549-565.
           
Data:            y     x
                 1     0
                 6     1
                63     2
               364     3
              1365     4
              3906     5
              9331     6
             19608     7
             37449     8
             66430     9
            111111    10
            177156    11
            271453    12
            402234    13
            579195    14
            813616    15
           1118481    16
           1508598    17
           2000719    18
           2613660    19
           3368421    20

Mathematica Lists:
xLst = {0, 1, 2, 3, 4, 5, 6, 7, 8, 9, 10, 11, 12, 13, 14, 15, 16, 17, 18, 19, 20};
yLst = {1, 6, 63, 364, 1365, 3906, 9331, 19608, 37449, 66430, 111111, 177156, 271453, 402234, 579195, 813616, 1118481, 1508598, 2000719, 2613660, 3368421};

Maple Lists:
xLst := [0, 1, 2, 3, 4, 5, 6, 7, 8, 9, 10, 11, 12, 13, 14, 15, 16, 17, 18, 19, 20]:
yLst := [1, 6, 63, 364, 1365, 3906, 9331, 19608, 37449, 66430, 111111, 177156, 271453, 402234, 579195, 813616, 1118481, 1508598, 2000719, 2613660, 3368421]:

MATLAB Row Vectors:
xLst = [0, 1, 2, 3, 4, 5, 6, 7, 8, 9, 10, 11, 12, 13, 14, 15, 16, 17, 18, 19, 20];
yLst = [1, 6, 63, 364, 1365, 3906, 9331, 19608, 37449, 66430, 111111, 177156, 271453, 402234, 579195, 813616, 1118481, 1508598, 2000719, 2613660, 3368421];
