0 10 20 40 30 50 70
1 10 20 39 32 50 70
2 10 21 39 32 48 74
3 10 21 37 36 48 74
4 10 23 39 31 57 76
5 10 24 38 33 56 78
6 10 23 38 37 53 84
7 10 23 37 36 55 92
8 10 24 33 41 60 84
9 10 22 34 44 63 81
10 10 22 33 45 61 88
11 10 22 33 45 56 88
12 10 16 41 51 56 102
13 10 16 41 51 47 110
14 10 16 41 51 46 102
15 10 16 41 51 46 88
16 10 15 32 74 65 85
17 10 15 32 73 63 85
18 10 15 32 73 63 75
19 10 15 32 73 62 65
20 10 15 32 72 59 66
21 10 10 43 70 80 63
22 10 10 43 69 79 58
23 10 10 43 69 79 50
24 10 10 43 68 79 44
25 10 11 33 72 116 40
26 10 12 33 70 119 33
27 10 12 33 70 117 24
28 10 12 33 70 109 24
29 10 12 33 65 107 34
30 10 11 33 59 121 30
31 10 11 33 58 121 23
32 10 10 32 63 118 18
33 10 10 24 77 122 26
34 10 10 23 75 117 41
35 10 10 23 75 112 35
36 10 10 23 75 107 27
37 10 10 18 72 124 33
38 10 10 22 73 121 58
39 10 10 22 73 111 60
40 10 10 22 73 101 54
41 10 10 22 73 89 57
42 10 9 24 70 86 58
43 10 9 31 57 108 64
44 10 9 31 57 105 54
45 10 9 31 57 101 47
46 10 9 31 54 99 55
47 10 9 22 51 143 56
48 10 9 22 51 140 48
49 10 9 22 51 139 36
50 10 9 22 51 131 38
51 10 9 22 48 117 65
52 10 7 28 45 116 59
53 10 7 27 39 127 54
54 10 7 27 39 126 44
55 10 7 26 39 114 66
56 10 5 29 52 101 84
57 10 5 29 52 97 75
58 10 5 29 52 89 72
59 10 5 27 55 80 81
60 10 9 24 50 89 99
61 10 9 24 50 84 96
62 10 9 24 50 82 87
63 10 9 24 50 81 76
64 10 11 22 51 77 90
65 10 11 22 51 67 100
66 10 11 22 51 60 107
67 10 11 22 48 57 109
68 10 10 15 53 79 105
69 10 10 15 53 79 98
70 10 10 15 53 79 89
71 10 10 15 53 78 84
72 10 8 22 39 98 97
73 10 8 22 38 97 94
74 10 8 22 36 93 93
75 10 8 20 39 89 89
76 10 7 25 38 86 97
77 10 8 26 39 81 99
78 10 8 26 39 76 93
79 10 8 24 43 86 97
80 10 8 24 40 88 96
81 10 8 24 38 88 91
82 10 8 24 37 88 83
83 10 10 20 29 96 122
84 10 10 20 28 90 127
85 10 10 20 27 85 128
86 10 10 20 25 80 121
87 10 10 20 25 75 115
88 10 10 18 29 62 132
89 10 8 14 45 61 124
90 10 8 14 45 58 120
91 10 8 13 47 57 113
92 10 5 18 46 61 125
93 10 5 17 47 55 133
94 10 5 17 47 51 128
95 10 5 17 47 47 126
96 10 5 23 45 45 146
97 10 5 23 45 38 151
98 10 5 23 45 38 140
99 10 5 23 45 38 131
100 10 7 23 43 39 130
0 10 20 40 30 50 70
1 10 20 39 32 50 70
2 10 20 39 32 48 74
3 10 21 39 31 49 76
4 10 21 38 32 50 78
5 10 20 41 34 48 82
6 10 20 39 40 50 86
7 10 21 34 49 51 88
8 10 21 33 53 49 90
9 10 21 33 50 54 92
10 10 21 32 48 56 94
11 10 21 32 47 53 94
12 10 15 39 60 55 100
13 10 15 39 60 49 102
14 10 15 39 60 47 96
15 10 15 39 60 43 93
16 10 15 39 58 43 90
17 10 16 34 66 54 84
18 10 16 34 66 53 78
19 10 16 34 61 62 71
20 10 16 33 52 84 64
21 10 12 43 55 82 63
22 10 12 43 55 82 57
23 10 12 43 55 78 56
24 10 12 42 47 94 57
25 10 8 43 61 116 51
26 10 8 43 61 116 39
27 10 8 43 61 116 26
28 10 8 43 61 110 22
29 10 8 43 53 116 26
30 10 7 34 65 135 31
31 10 7 34 64 133 24
32 10 7 34 64 124 26
33 10 7 34 64 111 35
34 10 7 34 61 103 44
35 10 6 29 71 108 37
36 10 6 29 71 105 31
37 10 6 26 63 117 52
38 10 6 26 62 109 59
39 10 6 26 62 103 53
40 10 6 26 62 99 46
41 10 7 19 84 117 49
42 10 7 19 84 109 53
43 10 7 19 84 101 54
44 10 7 19 84 95 49
45 10 7 19 84 88 47
46 10 9 15 73 125 51
47 10 9 15 72 118 59
48 10 9 15 72 114 51
49 10 9 15 69 115 45
50 10 9 15 64 115 51
51 10 9 15 61 112 54
52 10 9 13 64 110 49
53 10 10 13 59 108 61
54 10 8 13 57 119 69
55 10 8 13 57 116 63
56 10 8 13 57 112 54
57 10 8 12 44 136 52
58 10 6 17 43 136 56
59 10 6 17 40 130 65
60 10 6 17 39 120 70
61 10 6 17 38 108 83
62 10 7 17 35 119 80
63 10 7 17 35 113 80
64 10 7 17 35 108 78
65 10 13 17 29 109 89
66 10 13 17 24 108 103
67 10 13 17 24 105 97
68 10 13 17 24 104 88
69 10 13 17 24 102 84
70 10 10 17 22 111 127
71 10 10 17 22 93 149
72 10 10 17 22 89 137
73 10 10 17 22 87 120
74 10 10 17 22 82 115
75 10 10 16 23 75 122
76 10 8 17 31 73 126
77 10 8 17 31 73 117
78 10 8 17 31 71 114
79 10 5 24 33 59 130
80 10 5 24 33 59 125
81 10 5 24 33 59 116
82 10 8 24 31 52 135
83 10 11 23 31 46 148
84 10 11 23 31 43 144
85 10 11 23 31 42 138
86 10 11 23 31 41 133
87 10 11 18 38 48 140
88 10 11 18 38 45 139
89 10 11 18 38 43 133
90 10 8 23 40 41 130
91 10 8 20 44 45 125
92 10 8 19 46 52 122
93 10 8 18 48 52 117
94 10 8 18 48 50 117
95 10 7 18 43 56 133
96 10 7 18 43 54 129
97 10 7 18 43 53 123
98 10 6 20 42 53 120
99 10 10 22 41 57 126
100 10 10 22 38 61 124
0 10 20 40 30 50 70
1 10 20 40 30 49 72
2 10 22 39 32 48 74
3 10 22 39 32 46 78
4 10 22 39 31 46 82
5 10 21 40 32 46 86
6 10 21 40 31 45 92
7 10 21 42 29 47 96
8 10 20 41 33 45 98
9 10 19 43 33 52 100
10 10 20 36 45 51 100
11 10 20 36 44 47 102
12 10 20 36 44 46 102
13 10 20 36 43 36 118
14 10 20 33 44 41 118
15 10 20 33 44 40 110
16 10 8 52 68 52 99
17 10 8 52 68 51 95
18 10 8 52 68 51 86
19 10 8 52 68 51 74
20 10 8 52 68 49 67
21 10 8 48 72 53 67
22 10 9 44 75 69 63
23 10 9 44 75 67 57
24 10 9 44 75 65 52
25 10 10 43 67 84 45
26 10 10 38 68 100 41
27 10 10 38 66 102 38
28 10 10 38 66 99 31
29 10 10 35 68 100 34
30 10 8 37 66 106 32
31 10 8 37 66 104 27
32 10 5 16 111 135 24
33 10 5 16 110 136 18
34 10 5 16 109 124 24
35 10 5 16 108 113 28
36 10 5 16 106 104 25
37 10 5 16 96 117 20
38 10 5 16 89 118 30
39 10 9 20 91 105 40
40 10 9 20 89 102 37
41 10 9 20 88 96 35
42 10 9 20 83 94 40
43 10 10 20 75 106 39
44 10 10 20 71 108 39
45 10 10 20 62 108 61
46 10 10 20 62 97 71
47 10 10 20 62 91 64
48 10 10 20 57 98 58
49 10 8 10 46 174 53
50 10 8 10 46 171 46
51 10 8 10 46 165 39
52 10 8 10 44 160 37
53 10 8 10 44 155 34
54 10 6 14 40 157 31
55 10 3 24 37 149 46
56 10 3 24 37 138 55
57 10 3 24 37 128 58
58 10 3 22 39 120 69
59 10 9 20 45 114 76
60 10 9 20 45 112 68
61 10 9 20 43 108 73
62 10 9 20 43 86 106
63 10 10 20 39 64 150
64 10 10 20 39 61 142
65 10 10 20 39 61 127
66 10 10 20 38 61 116
67 10 10 20 38 48 128
68 10 10 14 31 77 138
69 10 10 14 31 73 132
70 10 10 14 31 71 122
71 10 10 14 30 72 113
72 10 2 20 43 87 121
73 10 2 20 43 86 113
74 10 2 20 43 84 104
75 10 2 20 43 83 95
76 10 2 20 42 80 98
77 10 9 21 40 80 104
78 10 9 21 40 79 100
79 10 9 21 40 79 92
80 10 10 21 38 80 93
81 10 10 21 34 59 144
82 10 10 21 33 61 137
83 10 10 21 33 61 127
84 10 10 21 33 58 122
85 10 10 12 26 95 136
86 10 10 11 27 90 142
87 10 10 11 27 87 133
88 10 10 11 27 84 121
89 10 10 11 26 80 121
90 10 10 11 25 75 122
91 10 3 21 36 77 117
92 10 3 21 36 77 108
93 10 3 21 36 73 108
94 10 3 21 35 64 122
95 10 9 25 34 63 124
96 10 9 25 34 62 116
97 10 9 25 32 63 116
98 10 9 25 28 53 144
99 10 9 25 28 48 147
100 10 9 25 28 48 138
0 10 20 40 30 50 70
1 10 20 40 30 49 72
2 10 20 39 32 49 72
3 10 20 38 34 49 72
4 10 20 39 36 48 74
5 10 20 37 39 49 76
6 10 20 34 49 49 76
7 10 19 35 49 47 88
8 10 18 34 51 52 94
9 10 18 32 54 48 96
10 10 18 32 50 52 94
11 10 18 31 42 68 92
12 10 18 30 44 60 98
13 10 18 30 44 50 108
14 10 18 30 44 46 107
15 10 10 40 79 63 101
16 10 10 40 79 63 92
17 10 10 40 79 63 80
18 10 10 40 79 63 66
19 10 10 40 78 63 57
20 10 10 40 66 85 51
21 10 10 39 66 85 50
22 10 10 34 80 81 49
23 10 10 34 80 80 41
24 10 10 34 71 92 44
25 10 10 34 70 90 44
26 10 10 36 66 97 36
27 10 9 34 63 116 30
28 10 6 35 58 136 36
29 10 6 35 58 129 37
30 10 6 35 58 125 26
31 10 6 35 58 117 25
32 10 9 20 91 141 21
33 10 9 20 91 130 34
34 10 9 20 91 114 45
35 10 9 20 91 107 31
36 10 9 20 91 102 28
37 10 9 20 91 93 34
38 10 10 19 73 128 29
39 10 10 19 73 120 29
40 10 10 19 73 105 45
41 10 10 11 87 104 56
42 10 10 11 87 100 49
43 10 10 11 87 97 42
44 10 10 11 87 89 45
45 10 10 11 66 125 63
46 10 10 11 66 118 61
47 10 10 11 66 115 48
48 10 10 11 62 118 44
49 10 6 18 56 132 38
50 10 6 17 53 133 46
51 10 6 17 52 122 58
52 10 6 17 52 117 57
53 10 5 18 33 150 61
54 10 5 18 30 151 62
55 10 5 18 30 148 54
56 10 5 18 30 146 45
57 10 5 18 29 136 54
58 10 10 18 26 148 99
59 10 10 18 26 140 98
60 10 10 18 26 134 87
61 10 10 18 26 126 80
62 10 10 18 26 119 80
63 10 10 18 26 117 71
64 10 11 18 20 114 91
65 10 11 18 20 110 91
66 10 11 18 20 89 121
67 10 11 18 20 75 134
68 10 11 18 20 71 126
69 10 10 19 20 66 133
70 10 10 9 40 59 137
71 10 10 9 40 58 130
72 10 10 9 40 55 128
73 10 1 20 36 67 169
74 10 1 20 36 66 160
75 10 1 20 36 66 150
76 10 1 20 36 65 135
77 10 1 20 36 62 127
78 10 1 20 36 52 136
79 10 9 22 36 48 136
80 10 9 22 36 46 131
81 10 9 22 36 45 128
82 10 10 21 31 58 122
83 10 10 20 21 80 123
84 10 10 20 21 80 115
85 10 10 20 21 76 116
86 10 10 16 26 60 155
87 10 10 15 27 58 154
88 10 10 15 27 58 144
89 10 10 15 27 57 133
90 10 10 15 20 68 130
91 10 10 4 37 75 130
92 10 10 4 37 74 126
93 10 10 4 37 74 116
94 10 9 6 37 73 113
95 10 3 20 35 68 127
96 10 3 20 34 57 146
97 10 3 20 34 57 140
98 10 3 20 34 57 131
99 10 3 20 34 53 130
100 10 10 22 32 45 150
0 10 20 40 30 50 70
1 10 20 39 32 50 70
2 10 22 38 34 50 70
3 10 22 38 34 49 72
4 10 22 37 34 50 78
5 10 20 40 36 47 84
6 10 19 41 36 50 86
7 10 19 40 38 46 94
8 10 19 34 47 48 92
9 10 19 34 50 48 96
10 10 18 29 59 52 98
11 10 18 28 60 47 102
12 10 18 28 60 43 100
13 10 18 28 53 51 102
14 10 18 28 47 55 109
15 10 18 28 47 55 98
16 10 18 28 47 54 90
17 10 8 44 76 68 84
18 10 8 44 76 67 79
19 10 8 44 76 67 67
20 10 8 44 76 65 58
21 10 8 44 71 72 54
22 10 8 44 56 101 47
23 10 8 44 56 94 52
24 10 8 44 56 94 40
25 10 10 41 47 123 32
26 10 11 41 47 115 42
27 10 11 41 47 111 39
28 10 11 41 47 106 34
29 10 8 39 51 121 40
30 10 8 39 49 120 43
31 10 8 39 49 119 35
32 10 8 39 47 118 29
33 10 7 32 45 154 25
34 10 7 32 45 138 45
35 10 7 32 45 126 53
36 10 7 32 45 121 44
37 10 7 32 45 107 59
38 10 9 18 91 99 71
39 10 9 18 91 95 67
40 10 9 18 91 91 53
41 10 9 18 91 85 50
42 10 9 18 91 75 52
43 10 9 18 85 71 71
44 10 7 20 89 70 61
45 10 7 20 79 86 59
46 10 7 20 76 74 80
47 10 7 20 76 61 93
48 10 7 20 76 59 81
49 10 8 17 75 72 73
50 10 6 18 70 93 69
51 10 6 17 68 100 62
52 10 6 17 68 100 56
53 10 6 17 66 102 50
54 10 4 21 60 119 47
55 10 4 21 60 112 55
56 10 4 21 60 105 56
57 10 4 21 53 112 61
58 10 4 21 52 106 70
59 10 4 21 52 98 75
60 10 4 21 52 95 71
61 10 11 19 53 103 73
62 10 11 19 53 94 82
63 10 11 19 53 84 86
64 10 11 19 53 79 83
65 10 10 21 51 75 90
66 10 9 17 35 110 122
67 10 9 17 35 107 115
68 10 9 17 35 105 104
69 10 9 17 35 105 87
70 10 9 17 35 102 81
71 10 9 17 30 101 94
72 10 10 14 37 104 90
73 10 10 14 37 103 80
74 10 10 14 37 100 82
75 10 4 23 39 97 94
76 10 4 23 39 95 88
77 10 4 23 39 93 82
78 10 4 23 38 89 88
79 10 12 20 30 83 144
80 10 12 20 29 73 151
81 10 12 20 29 68 137
82 10 12 20 29 63 127
83 10 12 20 28 61 125
84 10 10 23 30 56 124
85 10 10 19 26 74 132
86 10 10 19 26 74 124
87 10 10 19 26 73 118
88 10 10 19 26 72 111
89 10 8 16 32 76 125
90 10 8 16 32 76 120
91 10 8 16 32 74 115
92 10 8 16 31 66 126
93 10 4 24 29 57 144
94 10 4 24 29 57 131
95 10 4 24 29 54 128
96 10 4 27 29 56 122
97 10 10 23 42 59 124
98 10 10 23 41 57 122
99 10 10 23 41 55 118
100 10 10 23 37 54 126
0 10 20 40 30 50 70
1 10 21 39 32 49 72
2 10 22 39 32 47 76
3 10 22 38 34 47 76
4 10 24 38 33 49 76
5 10 24 36 35 50 82
6 10 22 37 39 54 82
7 10 20 43 39 51 88
8 10 20 43 38 51 82
9 10 19 40 47 45 98
10 10 17 40 51 48 98
11 10 17 38 55 44 96
12 10 17 38 55 35 104
13 10 17 38 45 49 106
14 10 17 38 45 42 110
15 10 17 38 45 42 101
16 10 7 47 72 64 92
17 10 7 47 72 64 85
18 10 7 47 72 63 78
19 10 7 47 72 63 65
20 10 7 47 72 59 61
21 10 7 47 67 68 54
22 10 8 47 63 92 46
23 10 8 47 63 89 44
24 10 8 47 63 87 39
25 10 11 39 68 108 34
26 10 11 39 68 100 41
27 10 11 39 68 99 33
28 10 11 39 68 98 24
29 10 8 44 58 111 34
30 10 7 45 52 116 42
31 10 7 45 52 113 35
32 10 7 45 52 106 30
33 10 8 23 83 130 25
34 10 8 23 82 121 39
35 10 8 23 81 106 54
36 10 8 23 81 102 43
37 10 8 23 81 97 36
38 10 7 28 79 118 48
39 10 6 30 75 119 51
40 10 6 30 75 117 41
41 10 6 30 73 109 40
42 10 6 30 71 99 43
43 10 6 30 69 87 59
44 10 7 28 71 84 56
45 10 9 27 71 86 52
46 10 9 26 57 106 66
47 10 9 26 55 105 64
48 10 9 26 55 102 57
49 10 9 26 53 103 53
50 10 9 26 43 121 48
51 10 10 23 50 111 69
52 10 10 23 50 101 78
53 10 10 23 50 98 67
54 10 10 23 49 88 75
55 10 8 23 55 89 73
56 10 10 12 59 142 76
57 10 10 12 58 140 72
58 10 10 12 58 135 63
59 10 10 12 56 131 57
60 10 10 12 54 126 51
61 10 10 12 54 107 76
62 10 10 12 54 100 76
63 10 11 14 54 82 96
64 10 10 16 51 91 94
65 10 10 16 51 91 84
66 10 10 16 51 91 72
67 10 10 15 52 90 76
68 10 11 14 44 106 73
69 10 9 17 40 107 89
70 10 9 17 39 102 93
71 10 9 17 39 102 82
72 10 9 17 38 99 80
73 10 9 16 35 94 99
74 10 9 16 35 94 91
75 10 11 20 41 91 94
76 10 11 20 41 89 89
77 10 11 20 41 85 88
78 10 11 20 38 85 90
79 10 8 18 34 110 111
80 10 8 18 34 108 102
81 10 8 18 34 105 91
82 10 8 18 34 100 86
83 10 8 18 34 75 124
84 10 8 18 28 81 121
85 10 8 18 28 80 116
86 10 8 18 28 79 106
87 10 9 16 39 76 123
88 10 9 16 39 74 119
89 10 9 16 39 72 113
90 10 9 16 39 67 108
91 10 11 16 41 57 124
92 10 9 21 40 49 144
93 10 9 21 40 45 140
94 10 9 21 40 43 130
95 10 10 21 38 43 131
96 10 11 18 35 54 139
97 10 11 18 35 51 136
98 10 11 18 35 50 131
99 10 11 18 35 50 121
100 10 7 23 37 46 142
0 10 20 40 30 50 70
1 10 21 40 30 50 70
2 10 22 38 34 49 72
3 10 22 37 36 49 72
4 10 22 37 36 47 76
5 10 22 34 40 49 80
6 10 22 33 41 50 82
7 10 22 33 43 50 90
8 10 24 33 44 54 86
9 10 23 31 48 55 98
10 10 23 30 49 55 92
11 10 23 30 48 50 96
12 10 23 30 48 41 104
13 10 10 38 77 53 116
14 10 10 38 77 52 106
15 10 10 38 77 52 90
16 10 10 38 77 52 77
17 10 10 38 77 50 69
18 10 10 38 69 64 64
19 10 10 36 65 78 61
20 10 10 35 63 83 58
21 10 10 35 59 88 56
22 10 10 34 60 87 52
23 10 8 43 62 94 46
24 10 8 43 62 94 40
25 10 8 43 59 94 44
26 10 10 42 47 134 44
27 10 10 42 45 136 36
28 10 10 42 45 132 27
29 10 10 42 45 126 22
30 10 10 41 43 128 22
31 10 10 37 46 128 31
32 10 10 37 44 118 47
33 10 10 37 44 105 52
34 10 11 37 41 114 48
35 10 10 39 39 110 51
36 10 10 39 39 106 54
37 10 10 38 41 102 49
38 10 10 33 47 102 59
39 10 13 33 47 88 79
40 10 13 33 47 78 89
41 10 13 33 47 74 81
42 10 14 33 46 69 79
43 10 12 30 56 67 92
44 10 12 30 56 61 95
45 10 12 30 56 61 87
46 10 12 30 53 64 84
47 10 12 37 55 59 88
48 10 12 37 53 54 99
49 10 12 37 53 52 92
50 10 10 31 67 59 93
51 10 10 31 66 61 87
52 10 10 31 66 56 82
53 10 10 31 66 56 78
54 10 9 28 65 73 81
55 10 9 28 65 71 77
56 10 9 28 65 67 76
57 10 9 26 67 68 72
58 10 9 28 61 105 78
59 10 9 28 61 103 73
60 10 9 28 61 101 64
61 10 9 28 61 96 57
62 10 9 28 58 95 57
63 10 7 22 75 111 58
64 10 7 22 74 108 60
65 10 7 22 74 102 54
66 10 7 22 67 111 50
67 10 7 22 64 104 54
68 10 9 22 55 113 55
69 10 9 22 52 106 61
70 10 9 22 52 97 83
71 10 8 24 52 86 89
72 10 8 24 52 80 87
73 10 8 24 51 76 84
74 10 7 26 48 76 89
75 10 6 26 53 77 91
76 10 6 26 48 83 89
77 10 6 26 46 79 93
78 10 6 26 45 75 93
79 10 6 16 39 121 109
80 10 6 16 39 118 101
81 10 6 16 39 111 93
82 10 6 16 38 101 92
83 10 6 16 37 92 98
84 10 5 15 43 85 101
85 10 4 15 45 85 97
86 10 4 15 45 82 95
87 10 5 13 47 78 100
88 10 4 14 52 75 104
89 10 4 14 52 73 101
90 10 4 14 52 71 94
91 10 6 13 44 65 143
92 10 6 13 43 55 157
93 10 6 13 42 54 147
94 10 6 13 42 53 135
95 10 6 13 41 52 131
96 10 10 13 32 79 138
97 10 10 13 32 77 136
98 10 10 13 32 76 125
99 10 10 13 32 75 120
100 10 10 13 32 70 117
0 10 20 40 30 50 70
1 10 22 40 30 49 72
2 10 22 40 30 47 76
3 10 23 40 30 46 78
4 10 26 40 29 44 86
5 10 24 42 33 41 92
6 10 23 43 38 40 98
7 10 23 43 37 42 89
8 10 23 39 44 41 94
9 10 23 36 46 45 92
10 10 23 34 50 39 104
11 10 23 35 46 49 98
12 10 23 35 41 55 96
13 10 23 35 40 45 110
14 10 23 35 40 42 106
15 10 22 35 36 58 97
16 10 22 35 36 57 90
17 10 4 52 78 56 85
18 10 4 52 78 56 76
19 10 4 52 78 55 68
20 10 4 52 78 53 60
21 10 4 51 73 66 52
22 10 4 50 62 89 50
23 10 4 50 61 88 47
24 10 4 50 61 84 44
25 10 9 54 56 100 40
26 10 9 54 56 96 40
27 10 9 54 55 95 37
28 10 9 54 53 96 32
29 10 10 46 53 120 33
30 10 10 46 43 140 26
31 10 10 46 43 134 21
32 10 10 46 42 129 17
33 10 10 28 67 149 10
34 10 11 15 87 145 33
35 10 11 15 84 132 46
36 10 11 15 84 121 35
37 10 11 15 83 112 30
38 10 11 15 83 100 38
39 10 3 18 105 99 39
40 10 3 18 105 95 35
41 10 3 18 105 91 31
42 10 3 18 105 75 49
43 10 2 20 102 65 69
44 10 2 20 97 70 64
45 10 2 20 97 65 60
46 10 2 20 76 94 76
47 10 2 20 75 89 78
48 10 2 20 75 86 66
49 10 2 20 71 93 56
50 10 2 20 51 131 51
51 10 2 20 50 132 44
52 10 10 19 45 156 41
53 10 10 19 45 153 35
54 10 10 19 45 152 25
55 10 10 17 49 150 18
56 10 10 16 42 161 23
57 10 10 16 42 153 27
58 10 10 16 42 138 45
59 10 10 16 41 127 59
60 10 10 16 41 116 67
61 10 10 16 39 107 76
62 10 10 12 44 97 94
63 10 10 12 42 78 114
64 10 10 12 41 70 119
65 10 10 12 41 63 120
66 10 6 18 45 60 120
67 10 5 19 46 61 112
68 10 4 21 46 55 119
69 10 3 25 46 46 130
70 10 10 29 39 52 136
71 10 10 29 39 52 127
72 10 10 29 39 52 119
73 10 10 29 39 52 110
74 10 10 29 35 55 116
75 10 10 29 31 59 117
76 10 10 29 31 56 119
77 10 10 29 30 55 120
78 10 10 29 29 53 120
79 10 10 25 30 67 114
80 10 10 24 32 66 112
81 10 10 23 32 65 114
82 10 7 22 45 60 122
83 10 6 24 45 60 116
84 10 6 24 45 60 109
85 10 6 24 45 59 103
86 10 4 26 47 68 104
87 10 4 26 47 65 103
88 10 12 26 48 64 111
89 10 12 26 48 62 104
90 10 12 26 47 63 98
91 10 12 25 46 65 97
92 10 12 25 45 58 107
93 10 12 25 43 60 106
94 10 12 25 41 60 104
95 10 12 21 43 69 104
96 10 12 19 44 73 100
97 10 12 19 44 73 93
98 10 12 18 41 75 105
99 10 11 19 41 74 107
100 10 10 20 41 76 103
0 10 20 40 30 50 70
1 10 20 39 32 50 70
2 10 21 38 34 45 80
3 10 21 37 36 45 80
4 10 21 37 36 45 80
5 10 21 39 36 44 82
6 10 24 35 42 45 88
7 10 23 37 46 41 96
8 10 22 37 50 40 88
9 10 22 34 52 46 92
10 10 23 30 58 46 90
11 10 22 32 52 52 92
12 10 22 32 50 50 102
13 10 22 32 50 41 109
14 10 22 32 50 38 102
15 10 10 40 78 64 104
16 10 10 40 78 64 93
17 10 10 40 78 64 81
18 10 10 40 78 64 62
19 10 10 40 78 62 54
20 10 10 40 68 82 46
21 10 9 43 68 93 40
22 10 9 43 61 106 34
23 10 9 43 59 107 32
24 10 9 43 58 104 31
25 10 10 38 62 112 30
26 10 10 38 62 110 22
27 10 10 37 73 120 24
28 10 10 37 68 115 36
29 10 10 37 67 110 36
30 10 10 37 67 105 28
31 10 10 34 68 111 23
32 10 9 33 57 141 19
33 10 9 33 57 129 30
34 10 9 33 57 115 35
35 10 9 32 55 107 54
36 10 10 31 62 105 52
37 10 10 31 62 100 46
38 10 10 31 54 108 48
39 10 10 24 65 111 47
40 10 11 19 72 113 54
41 10 11 19 72 109 48
42 10 11 19 72 107 38
43 10 11 19 72 98 42
44 10 13 23 66 100 68
45 10 13 23 66 88 74
46 10 13 23 66 83 67
47 10 13 23 66 80 60
48 10 13 23 52 102 63
49 10 13 23 45 110 63
50 10 13 23 45 107 59
51 10 13 23 44 104 56
52 10 16 23 37 101 83
53 10 15 25 36 94 87
54 10 15 25 36 92 81
55 10 15 25 36 91 71
56 10 16 25 31 95 77
57 10 8 24 39 139 86
58 10 8 24 39 131 82
59 10 8 24 39 127 73
60 10 8 24 39 122 61
61 10 8 24 39 114 63
62 10 8 24 39 99 80
63 10 10 27 48 92 85
64 10 10 27 48 89 80
65 10 10 27 48 81 86
66 10 10 27 48 78 85
67 10 10 27 48 77 79
68 10 9 29 46 79 77
69 10 10 29 39 71 113
70 10 10 29 34 64 137
71 10 10 29 34 64 122
72 10 10 29 34 60 110
73 10 10 29 30 64 108
74 10 10 26 35 69 114
75 10 10 26 35 66 111
76 10 10 26 35 66 105
77 10 4 22 53 99 118
78 10 4 22 53 96 114
79 10 4 22 53 91 108
80 10 4 22 53 83 100
81 10 4 22 53 78 91
82 10 4 22 53 66 101
83 10 4 22 52 66 97
84 10 9 22 54 70 90
85 10 9 21 56 69 86
86 10 8 23 55 67 89
87 10 9 22 53 71 91
88 10 9 22 51 72 92
89 10 9 22 51 68 92
90 10 9 20 52 60 114
91 10 9 15 48 70 141
92 10 9 15 48 69 127
93 10 9 15 48 69 111
94 10 9 15 48 65 106
95 10 10 14 48 62 108
96 10 9 9 51 76 120
97 10 9 9 51 73 114
98 10 9 9 51 70 108
99 10 9 9 50 69 101
100 10 9 10 40 83 116
0 10 20 40 30 50 70
1 10 20 40 30 50 70
2 10 20 40 30 50 70
3 10 20 38 34 50 70
4 10 20 39 35 51 72
5 10 19 36 44 48 82
6 10 19 34 47 49 84
7 10 19 35 48 51 84
8 10 20 36 47 53 82
9 10 18 39 48 51 90
10 10 18 37 50 48 94
11 10 16 38 55 44 96
12 10 16 38 49 48 103
13 10 16 38 49 42 104
14 10 16 38 49 35 109
15 10 9 40 80 60 101
16 10 9 40 80 60 93
17 10 9 40 80 60 82
18 10 9 40 80 60 69
19 10 9 40 80 58 60
20 10 9 40 62 91 55
21 10 9 40 62 88 54
22 10 8 35 76 88 44
23 10 8 35 76 86 39
24 10 8 30 80 94 40
25 10 8 30 80 92 36
26 10 8 30 78 95 31
27 10 10 31 74 120 28
28 10 9 32 69 127 32
29 10 9 32 69 115 36
30 10 9 32 69 113 24
31 10 9 32 63 122 19
32 10 7 26 65 168 21
33 10 7 26 65 153 34
34 10 7 26 65 136 47
35 10 7 26 65 127 31
36 10 7 26 65 120 28
37 10 7 26 52 143 25
38 10 7 26 51 140 23
39 10 7 26 50 136 21
40 10 4 32 45 131 39
41 10 3 34 43 120 57
42 10 3 34 43 118 48
43 10 3 33 44 117 43
44 10 7 24 43 153 53
45 10 8 24 43 138 73
46 10 8 24 43 128 70
47 10 8 24 43 127 57
48 10 8 24 43 118 61
49 10 8 24 41 113 65
50 10 10 25 41 105 78
51 10 10 25 41 96 80
52 10 10 25 41 90 80
53 10 11 23 41 94 80
54 10 11 23 40 88 90
55 10 11 23 40 86 85
56 10 11 23 40 85 82
57 10 9 22 40 89 104
58 10 9 22 39 85 105
59 10 9 22 39 83 96
60 10 9 22 39 75 100
61 10 7 27 35 80 121
62 10 7 27 35 76 116
63 10 7 27 35 76 105
64 10 7 27 35 75 97
65 10 4 27 40 82 103
66 10 4 27 40 80 101
67 10 4 27 40 74 104
68 10 4 27 40 72 98
69 10 5 24 47 66 113
70 10 5 24 46 66 111
71 10 5 24 46 65 105
72 10 5 24 46 64 97
73 10 6 23 43 65 111
74 10 5 25 39 65 119
75 10 5 25 36 70 114
76 10 5 25 36 62 112
77 10 9 18 48 61 124
78 10 9 18 45 62 120
79 10 9 18 44 58 118
80 10 9 18 44 56 114
81 10 10 9 54 67 127
82 10 10 9 49 73 130
83 10 10 9 49 70 122
84 10 10 9 49 63 115
85 10 10 9 48 62 110
86 10 9 9 51 63 122
87 10 10 8 53 60 118
88 10 10 8 53 59 115
89 10 10 8 53 56 111
90 10 6 17 46 70 113
91 10 6 17 46 66 116
92 10 6 17 46 65 110
93 10 6 17 45 65 107
94 10 6 15 33 87 121
95 10 6 15 33 83 118
96 10 6 15 33 83 110
97 10 6 15 31 87 103
98 10 8 20 25 95 113
99 10 7 22 24 93 111
100 10 7 22 24 89 109
0 10 20 40 30 50 70
1 10 20 40 30 50 70
2 10 21 39 32 50 70
3 10 22 39 32 49 72
4 10 22 37 35 50 74
5 10 22 37 38 51 76
6 10 22 35 42 50 78
7 10 20 38 42 51 84
8 10 20 38 44 52 90
9 10 19 37 46 55 90
10 10 20 36 44 59 88
11 10 20 36 44 51 94
12 10 20 36 43 45 105
13 10 10 43 71 64 113
14 10 10 43 71 62 104
15 10 10 43 71 62 92
16 10 10 43 71 62 75
17 10 10 43 70 62 65
18 10 10 43 70 58 62
19 10 11 41 65 75 56
20 10 11 42 58 92 50
21 10 11 42 58 90 46
22 10 11 40 60 90 45
23 10 8 45 64 98 46
24 10 8 45 64 98 38
25 10 8 45 63 98 33
26 10 8 45 59 96 43
27 10 6 21 90 156 41
28 10 6 21 90 149 35
29 10 6 21 90 144 19
30 10 6 21 90 138 9
31 10 6 21 88 131 8
32 10 6 21 84 122 19
33 10 8 20 81 119 24
34 10 8 20 81 112 24
35 10 6 22 82 112 23
36 10 5 18 90 112 30
37 10 5 18 88 107 31
38 10 5 18 88 105 26
39 10 5 18 79 113 36
40 10 7 14 72 138 76
41 10 7 14 72 130 75
42 10 7 14 72 125 58
43 10 7 14 72 119 45
44 10 7 14 69 118 40
45 10 7 14 61 129 35
46 10 7 14 49 149 34
47 10 7 14 48 147 30
48 10 6 15 52 143 33
49 10 6 15 50 136 44
50 10 6 15 50 130 43
51 10 6 15 50 126 43
52 10 10 12 38 139 75
53 10 10 12 38 128 82
54 10 10 12 38 123 71
55 10 10 12 38 116 67
56 10 10 12 35 108 83
57 10 5 15 31 131 99
58 10 5 15 31 121 104
59 10 5 15 31 113 99
60 10 5 15 31 110 91
61 10 5 15 31 99 97
62 10 9 14 34 101 95
63 10 9 14 34 101 90
64 10 8 16 34 88 107
65 10 8 16 34 79 118
66 10 9 16 34 77 111
67 10 9 16 34 72 111
68 10 8 18 32 67 121
69 10 8 18 26 62 147
70 10 8 18 26 60 141
71 10 8 18 26 58 134
72 10 8 18 26 51 141
73 10 9 16 26 68 150
74 10 9 16 26 66 144
75 10 9 16 26 66 136
76 10 9 16 26 62 129
77 10 6 22 26 54 139
78 10 6 22 29 54 135
79 10 6 22 29 54 130
80 10 10 22 29 52 128
81 10 9 24 28 56 133
82 10 9 24 28 53 133
83 10 9 24 28 52 126
84 10 10 24 24 54 132
85 10 9 23 28 53 137
86 10 9 23 28 52 135
87 10 9 23 28 51 131
88 10 9 23 27 52 125
89 10 9 19 29 56 134
90 10 9 17 33 54 132
91 10 9 17 33 53 126
92 10 8 15 33 57 142
93 10 8 15 33 56 137
94 10 8 15 33 54 132
95 10 8 15 33 52 127
96 10 7 20 38 58 130
97 10 7 20 38 56 128
98 10 7 20 38 56 120
99 10 7 20 37 51 129
100 10 10 21 38 51 127
0 10 20 40 30 50 70
1 10 20 39 32 50 70
2 10 20 39 32 50 70
3 10 20 38 34 49 72
4 10 22 38 34 48 74
5 10 20 42 33 45 84
6 10 19 45 34 46 86
7 10 18 49 33 45 92
8 10 19 48 33 45 93
9 10 20 40 45 49 98
10 10 20 39 44 51 96
11 10 20 39 44 47 94
12 10 20 38 45 43 97
13 10 14 39 63 59 108
14 10 14 39 63 58 94
15 10 14 39 63 58 84
16 10 14 39 63 52 81
17 10 14 38 65 49 79
18 10 12 36 78 55 70
19 10 12 36 78 54 65
20 10 12 36 75 60 57
21 10 11 39 74 73 52
22 10 11 39 72 70 60
23 10 11 39 70 72 55
24 10 11 39 70 72 47
25 10 11 41 53 105 57
26 10 11 41 53 103 51
27 10 11 41 53 102 42
28 10 11 41 51 105 34
29 10 11 23 81 114 30
30 10 11 23 79 111 31
31 10 11 23 78 111 25
32 10 11 23 78 106 24
33 10 10 23 71 120 25
34 10 10 23 68 116 35
35 10 10 23 68 109 36
36 10 10 22 69 103 38
37 10 10 18 82 126 57
38 10 10 18 82 115 58
39 10 10 18 82 107 50
40 10 10 18 82 99 44
41 10 10 18 79 94 49
42 10 10 18 62 121 51
43 10 10 18 62 118 45
44 10 10 18 62 118 35
45 10 10 18 56 123 39
46 10 12 17 55 135 51
47 10 12 17 55 127 50
48 10 12 17 55 125 40
49 10 12 17 52 122 43
50 10 12 16 40 129 74
51 10 12 16 40 121 68
52 10 12 16 40 115 61
53 10 8 16 42 156 56
54 10 8 16 42 152 53
55 10 8 16 42 143 57
56 10 8 16 42 135 54
57 10 8 16 42 130 50
58 10 7 18 39 119 70
59 10 7 20 36 105 97
60 10 7 20 36 103 86
61 10 7 20 36 99 80
62 10 7 22 29 101 97
63 10 7 22 29 92 103
64 10 7 22 29 92 93
65 10 10 21 27 89 108
66 10 10 21 25 89 109
67 10 10 20 27 83 112
68 10 10 20 27 82 104
69 10 8 16 35 104 131
70 10 8 16 35 101 126
71 10 8 16 35 100 116
72 10 8 16 35 100 102
73 10 8 16 35 97 93
74 10 8 14 39 85 103
75 10 9 16 39 73 116
76 10 9 16 43 63 127
77 10 9 16 43 62 117
78 10 9 16 41 61 114
79 10 7 19 40 56 128
80 10 8 19 39 58 123
81 10 8 18 39 56 125
82 10 7 18 40 62 130
83 10 7 18 39 55 140
84 10 7 18 38 55 133
85 10 7 18 37 54 125
86 10 8 20 29 58 136
87 10 8 20 28 57 136
88 10 8 20 28 57 129
89 10 8 20 28 54 130
90 10 7 19 31 56 144
91 10 7 19 31 56 139
92 10 7 19 31 54 131
93 10 7 19 31 49 137
94 10 7 19 26 52 143
95 10 6 21 25 49 147
96 10 6 21 25 46 145
97 10 9 10 37 58 154
98 10 9 10 37 57 148
99 10 9 10 37 55 144
100 10 9 10 37 52 140
0 10 20 40 30 50 70
1 10 21 40 30 49 72
2 10 22 39 32 48 74
3 10 22 37 36 47 76
4 10 22 36 37 48 78
5 10 23 36 37 47 80
6 10 23 35 42 47 84
7 10 23 36 41 50 90
8 10 22 38 39 50 88
9 10 21 39 44 46 100
10 10 18 45 40 52 94
11 10 18 45 39 46 100
12 10 18 45 37 43 104
13 10 17 27 71 63 113
14 10 17 27 71 60 108
15 10 17 27 71 60 97
16 10 17 27 71 60 80
17 10 17 27 71 59 71
18 10 17 27 68 63 67
19 10 9 47 62 82 61
20 10 9 47 61 83 55
21 10 9 47 61 79 53
22 10 9 47 61 79 45
23 10 11 37 78 88 47
24 10 11 37 78 87 41
25 10 11 37 78 86 33
26 10 11 37 72 90 40
27 10 11 37 34 167 44
28 10 11 37 34 162 36
29 10 11 37 34 155 27
30 10 11 37 34 149 19
31 10 11 37 34 139 22
32 10 9 41 45 129 37
33 10 9 41 44 124 37
34 10 9 41 44 119 30
35 10 9 39 44 119 33
36 10 9 18 85 121 39
37 10 9 18 85 120 33
38 10 9 18 85 112 29
39 10 9 18 85 97 39
40 10 9 18 82 73 84
41 10 9 18 80 66 90
42 10 9 18 80 62 79
43 10 9 22 76 84 86
44 10 9 22 76 83 80
45 10 9 22 76 79 70
46 10 9 22 76 78 60
47 10 9 22 76 74 56
48 10 8 22 64 94 70
49 10 9 22 56 104 71
50 10 9 22 56 99 68
51 10 9 22 56 96 59
52 10 10 18 39 166 58
53 10 10 18 39 165 52
54 10 10 18 39 165 41
55 10 10 18 39 162 30
56 10 10 18 38 146 45
57 10 10 18 36 134 56
58 10 6 21 40 141 48
59 10 6 21 40 138 41
60 10 6 21 38 135 44
61 10 6 21 38 115 74
62 10 6 19 44 107 85
63 10 6 19 44 104 77
64 10 6 19 44 98 77
65 10 6 18 39 90 112
66 10 6 18 39 70 136
67 10 6 18 39 66 124
68 10 6 18 39 61 116
69 10 8 22 33 58 140
70 10 9 20 37 70 138
71 10 9 20 37 65 134
72 10 9 20 37 62 127
73 10 9 20 37 58 118
74 10 11 10 49 65 128
75 10 11 10 49 65 123
76 10 11 10 49 64 115
77 10 11 10 49 64 106
78 10 11 10 44 64 121
79 10 11 9 41 72 117
80 10 11 9 41 72 109
81 10 11 9 40 73 105
82 10 7 15 43 70 126
83 10 6 17 42 65 130
84 10 6 17 42 64 122
85 10 6 17 42 64 113
86 10 5 15 44 65 126
87 10 5 15 37 77 123
88 10 5 15 37 71 125
89 10 5 15 37 71 116
90 10 5 17 37 70 111
91 10 8 23 32 67 130
92 10 8 23 32 66 125
93 10 8 23 32 66 116
94 10 9 22 33 63 118
95 10 10 19 37 56 132
96 10 10 19 37 54 129
97 10 10 19 37 54 120
98 10 10 19 32 63 118
99 10 10 13 30 73 147
100 10 10 13 30 72 141
0 10 20 40 30 50 70
1 10 21 39 32 50 70
2 10 21 39 32 50 70
3 10 21 39 30 54 70
4 10 22 37 34 53 72
5 10 21 38 35 50 82
6 10 20 41 36 51 84
7 10 19 42 33 59 88
8 10 19 42 36 60 80
9 10 18 41 40 63 82
10 10 18 40 41 62 78
11 10 18 35 54 66 81
12 10 18 33 55 59 106
13 10 18 33 54 56 102
14 10 18 33 54 55 88
15 10 18 33 53 45 102
16 10 11 39 74 58 94
17 10 11 39 73 60 85
18 10 11 39 73 60 73
19 10 11 39 73 59 66
20 10 11 39 68 65 63
21 10 11 38 63 74 65
22 10 9 40 75 82 57
23 10 9 40 75 81 48
24 10 9 40 75 79 41
25 10 9 40 61 102 42
26 10 9 40 56 109 38
27 10 8 42 56 107 31
28 10 8 46 53 110 26
29 10 8 43 49 121 36
30 10 8 43 48 117 35
31 10 8 43 47 112 29
32 10 7 27 89 115 26
33 10 7 27 88 110 28
34 10 7 27 86 100 42
35 10 7 27 86 94 37
36 10 7 27 82 90 41
37 10 8 27 66 117 39
38 10 8 27 66 104 48
39 10 8 27 62 104 48
40 10 8 25 64 102 47
41 10 12 27 59 97 64
42 10 12 27 58 92 65
43 10 12 27 58 89 55
44 10 9 29 58 101 56
45 10 8 27 65 99 57
46 10 8 27 65 98 50
47 10 8 27 65 96 45
48 10 9 24 62 112 41
49 10 10 21 52 134 56
50 10 10 21 52 122 66
51 10 10 21 50 115 63
52 10 10 21 50 101 68
53 10 10 21 50 87 80
54 10 8 27 49 88 74
55 10 6 31 55 91 68
56 10 6 31 55 89 65
57 10 6 31 54 82 75
58 10 9 31 52 85 71
59 10 10 30 50 90 69
60 10 10 30 50 89 66
61 10 11 30 50 80 78
62 10 11 30 48 71 98
63 10 11 30 48 70 94
64 10 11 30 48 68 89
65 10 11 30 45 68 94
66 10 11 30 45 66 107
67 10 11 27 51 65 102
68 10 11 27 50 65 96
69 10 11 26 50 63 97
70 10 11 26 43 62 117
71 10 10 28 41 64 110
72 10 10 28 41 62 103
73 10 10 27 36 73 96
74 10 7 22 63 80 128
75 10 7 22 62 79 121
76 10 7 22 61 75 107
77 10 7 22 61 68 100
78 10 7 22 60 63 95
79 10 7 22 60 57 93
80 10 9 24 55 68 95
81 10 9 24 54 65 90
82 10 9 22 57 60 93
83 10 9 22 55 54 99
84 10 10 21 49 66 96
85 10 10 20 50 66 91
86 10 7 22 42 87 108
87 10 7 21 44 80 115
88 10 7 21 44 79 107
89 10 7 21 44 79 94
90 10 7 20 43 83 90
91 10 10 15 51 98 94
92 10 10 15 51 92 95
93 10 10 15 51 88 89
94 10 10 15 47 95 79
95 10 9 17 47 92 75
96 10 8 20 42 96 88
97 10 8 20 41 93 88
98 10 8 20 41 89 85
99 10 9 17 45 95 103
100 10 9 17 44 83 121
0 10 20 40 30 50 70
1 10 21 40 30 50 70
2 10 21 39 32 50 70
3 10 21 39 31 52 70
4 10 20 43 30 51 76
5 10 20 41 33 52 78
6 10 18 44 35 51 80
7 10 19 40 39 56 86
8 10 19 34 50 53 88
9 10 18 35 48 57 94
10 10 18 35 48 54 90
11 10 18 35 48 45 98
12 10 14 45 49 62 98
13 10 14 45 49 56 100
14 10 14 45 49 55 92
15 10 14 45 47 55 88
16 10 14 43 51 50 87
17 10 9 44 77 56 83
18 10 9 44 77 55 75
19 10 9 44 77 54 64
20 10 9 44 75 55 60
21 10 9 43 57 93 58
22 10 9 43 54 97 51
23 10 9 43 54 96 45
24 10 9 43 53 95 41
25 10 8 30 83 114 43
26 10 8 30 83 114 34
27 10 8 30 83 112 25
28 10 8 30 83 101 26
29 10 7 32 78 106 22
30 10 7 34 72 121 22
31 10 7 34 72 115 19
32 10 7 34 72 113 15
33 10 9 30 58 150 20
34 10 11 30 57 127 53
35 10 11 30 57 114 58
36 10 11 30 57 107 46
37 10 11 30 56 100 49
38 10 10 15 69 139 60
39 10 10 15 68 139 52
40 10 10 15 68 133 42
41 10 10 15 68 127 37
42 10 10 15 67 125 30
43 10 10 14 62 132 34
44 10 8 12 74 128 41
45 10 8 12 74 122 40
46 10 8 12 74 102 65
47 10 8 12 74 92 69
48 10 9 12 74 83 68
49 10 4 22 63 100 67
50 10 4 22 63 99 58
51 10 4 22 59 102 62
52 10 9 20 34 147 108
53 10 9 20 34 144 98
54 10 9 20 33 139 86
55 10 9 20 32 131 78
56 10 9 20 32 119 74
57 10 9 20 31 109 79
58 10 8 22 26 111 79
59 10 9 21 27 111 71
60 10 9 16 24 136 68
61 10 9 16 24 134 62
62 10 9 16 24 127 67
63 10 9 9 42 121 66
64 10 7 12 43 104 97
65 10 7 11 45 84 123
66 10 7 11 45 81 112
67 10 7 11 45 76 106
68 10 6 13 45 63 120
69 10 5 17 41 66 135
70 10 5 17 41 65 130
71 10 5 17 41 64 119
72 10 5 17 41 60 120
73 10 10 18 34 60 145
74 10 10 18 34 60 137
75 10 10 18 34 60 126
76 10 10 18 33 59 123
77 10 10 18 34 54 137
78 10 10 18 32 58 132
79 10 10 18 32 58 123
80 10 10 14 23 89 120
81 10 10 12 25 90 121
82 10 10 12 23 90 120
83 10 10 12 23 89 113
84 10 10 12 23 79 118
85 10 10 11 31 71 131
86 10 10 11 31 61 142
87 10 10 11 31 60 135
88 10 9 13 31 59 127
89 10 6 20 30 57 134
90 10 6 20 28 57 137
91 10 6 20 28 56 131
92 10 9 21 35 60 129
93 10 9 21 35 56 130
94 10 9 21 35 55 126
95 10 9 21 35 35 160
96 10 9 21 35 34 153
97 10 9 21 35 34 145
98 10 9 22 36 31 147
99 10 8 23 28 49 145
100 10 8 23 28 48 141
0 10 20 40 30 50 70
1 10 20 40 30 50 70
2 10 21 40 30 48 74
3 10 21 39 32 47 76
4 10 22 37 35 48 78
5 10 22 36 41 46 82
6 10 21 36 43 48 86
7 10 20 36 44 53 88
8 10 21 34 46 53 86
9 10 21 30 53 51 94
10 10 21 29 54 49 92
11 10 19 29 58 49 98
12 10 19 29 57 41 108
13 10 19 29 57 37 106
14 10 19 28 58 35 106
15 10 7 47 69 62 102
16 10 7 47 69 62 92
17 10 7 47 69 62 80
18 10 7 47 69 61 69
19 10 7 47 69 60 58
20 10 7 45 55 92 58
21 10 7 45 55 90 53
22 10 7 45 52 96 43
23 10 8 40 52 113 39
24 10 8 39 52 114 39
25 10 8 39 52 113 33
26 10 8 39 50 117 23
27 10 9 38 55 134 36
28 10 9 38 51 136 37
29 10 9 38 51 125 39
30 10 9 38 51 122 28
31 10 9 38 49 121 21
32 10 10 16 96 124 46
33 10 10 16 95 113 56
34 10 10 16 94 102 52
35 10 10 16 93 97 39
36 10 10 16 91 82 56
37 10 10 16 88 80 56
38 10 9 18 87 76 56
39 10 8 19 88 77 58
40 10 8 19 82 81 67
41 10 8 19 82 74 69
42 10 8 19 82 73 61
43 10 8 20 73 91 59
44 10 9 20 59 113 64
45 10 9 20 58 101 73
46 10 9 20 58 98 65
47 10 9 20 58 95 57
48 10 7 20 33 190 55
49 10 7 20 33 188 47
50 10 7 20 33 185 36
51 10 7 20 33 179 27
52 10 7 20 28 177 32
53 10 7 20 28 169 27
54 10 8 20 28 161 26
55 10 9 17 36 159 25
56 10 9 17 35 147 41
57 10 9 17 35 123 77
58 10 9 17 35 115 77
59 10 9 17 35 108 72
60 10 7 20 35 85 115
61 10 5 16 48 72 141
62 10 5 16 48 65 142
63 10 5 16 48 65 122
64 10 5 16 48 56 123
65 10 5 16 46 42 148
66 10 7 16 48 52 143
67 10 7 16 48 50 136
68 10 7 16 48 50 124
69 10 7 16 48 49 119
70 10 10 12 35 83 129
71 10 10 12 35 83 122
72 10 10 12 35 83 112
73 10 10 12 35 82 104
74 10 13 7 33 96 113
75 10 13 7 33 96 107
76 10 13 7 33 95 100
77 10 13 7 32 96 93
78 10 10 12 31 97 97
79 10 10 12 25 101 105
80 10 10 12 24 98 106
81 10 10 12 24 97 98
82 10 8 16 22 93 107
83 10 7 18 19 78 140
84 10 7 18 19 73 140
85 10 7 18 19 71 129
86 10 6 20 15 68 140
87 10 6 20 14 61 152
88 10 6 20 14 59 148
89 10 6 20 14 58 141
90 10 7 26 14 67 165
91 10 7 26 14 64 162
92 10 7 26 14 64 153
93 10 7 26 14 64 140
94 10 7 26 14 55 145
95 10 8 26 14 50 149
96 10 10 17 31 41 162
97 10 10 17 31 40 153
98 10 10 17 31 40 145
99 10 10 17 31 38 141
100 10 10 16 33 28 156
0 10 20 40 30 50 70
1 10 22 40 30 50 70
2 10 22 40 30 50 70
3 10 22 40 30 49 72
4 10 23 39 32 48 74
5 10 22 38 38 47 76
6 10 23 36 41 46 82
7 10 21 38 44 46 86
8 10 21 36 50 47 92
9 10 20 37 49 48 92
10 10 20 37 45 48 98
11 10 20 37 44 46 96
12 10 11 46 57 56 106
13 10 11 46 57 53 101
14 10 11 46 57 53 90
15 10 11 46 57 45 93
16 10 11 46 55 46 90
17 10 12 37 68 56 82
18 10 12 37 66 60 72
19 10 12 37 60 71 66
20 10 12 37 55 81 60
21 10 8 47 63 103 58
22 10 8 47 63 101 51
23 10 8 47 63 96 48
24 10 8 47 63 94 37
25 10 8 47 59 97 36
26 10 9 43 64 99 37
27 10 9 42 64 101 30
28 10 9 38 57 127 25
29 10 9 38 57 124 19
30 10 9 38 53 123 23
31 10 9 39 47 137 27
32 10 9 39 47 131 31
33 10 9 39 47 109 55
34 10 9 39 45 103 57
35 10 4 20 96 116 58
36 10 4 20 96 114 50
37 10 4 20 96 113 39
38 10 4 20 96 108 29
39 10 4 20 96 97 31
40 10 4 20 91 89 54
41 10 7 20 90 79 64
42 10 7 18 85 91 57
43 10 7 18 85 85 52
44 10 5 22 81 81 65
45 10 5 22 81 74 65
46 10 5 22 80 73 62
47 10 8 19 79 91 59
48 10 8 19 78 91 56
49 10 8 19 78 88 50
50 10 9 8 44 195 64
51 10 9 8 44 193 56
52 10 9 8 44 185 46
53 10 9 8 43 178 35
54 10 9 8 41 171 26
55 10 9 8 40 157 38
56 10 9 8 39 146 42
57 10 8 10 40 148 38
58 10 9 9 42 143 36
59 10 9 11 43 143 42
60 10 6 17 38 145 48
61 10 6 17 36 145 47
62 10 6 17 36 132 60
63 10 6 17 35 97 124
64 10 6 17 35 91 119
65 10 6 17 35 88 106
66 10 6 17 35 76 114
67 10 6 19 20 65 181
68 10 6 19 20 59 174
69 10 6 19 20 57 161
70 10 6 19 20 54 148
71 10 6 19 20 53 139
72 10 7 18 21 82 141
73 10 7 18 21 82 134
74 10 7 18 21 82 126
75 10 7 18 21 82 116
76 10 7 18 21 76 121
77 10 8 19 21 75 123
78 10 9 19 21 75 117
79 10 9 16 26 66 132
80 10 9 16 26 59 141
81 10 9 16 26 57 135
82 10 9 16 26 55 131
83 10 8 16 30 44 148
84 10 8 18 28 42 155
85 10 8 18 28 38 156
86 10 8 18 28 37 151
87 10 8 16 26 42 158
88 10 8 16 25 42 155
89 10 8 16 25 41 151
90 10 9 16 35 49 169
91 10 8 16 38 51 161
92 10 8 16 38 51 152
93 10 8 16 38 50 143
94 10 8 16 38 47 137
95 10 8 16 38 45 132
96 10 10 17 34 52 137
97 10 10 17 31 56 132
98 10 10 17 31 56 126
99 10 9 16 36 56 123
100 10 9 16 32 56 135
0 10 20 40 30 50 70
1 10 22 40 30 50 70
2 10 22 39 32 48 74
3 10 22 37 36 47 76
4 10 26 37 35 49 76
5 10 25 38 37 47 80
6 10 24 40 35 51 80
7 10 23 40 36 56 82
8 10 22 40 40 53 78
9 10 23 38 38 61 86
10 10 23 38 40 59 88
11 10 23 34 46 52 100
12 10 23 34 46 48 98
13 10 23 34 44 40 112
14 10 23 34 44 36 110
15 10 8 44 78 64 101
16 10 8 44 78 64 91
17 10 8 44 78 64 78
18 10 8 44 78 64 64
19 10 8 44 78 61 56
20 10 8 44 73 68 52
21 10 9 40 79 79 46
22 10 9 40 76 83 43
23 10 9 40 71 90 41
24 10 9 40 70 88 39
25 10 9 44 62 104 30
26 10 9 44 62 102 23
27 10 9 43 64 120 26
28 10 9 41 63 120 34
29 10 9 41 63 112 35
30 10 9 41 62 109 27
31 10 9 41 54 123 20
32 10 9 41 43 141 16
33 10 9 41 43 130 23
34 10 11 33 49 147 31
35 10 11 33 48 137 39
36 10 11 33 48 131 35
37 10 11 33 48 125 29
38 10 11 33 47 121 31
39 10 8 30 64 123 35
40 10 8 30 64 111 48
41 10 8 30 64 98 53
42 10 8 30 63 97 46
43 10 8 27 64 99 49
44 10 8 27 64 82 73
45 10 8 27 64 72 78
46 10 7 27 60 83 78
47 10 7 27 59 79 79
48 10 7 27 58 70 92
49 10 7 27 56 71 84
50 10 7 27 46 86 86
51 10 7 27 43 88 84
52 10 7 27 41 89 81
53 10 5 25 43 120 82
54 10 9 21 55 133 78
55 10 9 21 55 133 68
56 10 9 21 55 129 59
57 10 9 21 55 124 52
58 10 9 18 59 124 44
59 10 9 16 59 126 42
60 10 9 16 54 115 71
61 10 9 16 54 112 62
62 10 9 16 52 104 62
63 10 10 14 53 98 71
64 10 10 14 50 90 81
65 10 10 14 46 88 84
66 10 4 25 41 79 117
67 10 4 25 40 74 119
68 10 4 25 40 71 110
69 10 4 25 39 71 103
70 10 4 14 41 92 143
71 10 4 14 41 91 138
72 10 4 14 41 88 126
73 10 4 14 41 83 116
74 10 4 14 41 81 106
75 10 4 14 41 78 101
76 10 10 16 33 94 95
77 10 9 20 32 87 108
78 10 9 20 32 86 101
79 10 9 20 32 81 102
80 10 9 16 40 77 101
81 10 10 14 44 74 101
82 10 10 14 39 78 107
83 10 10 14 32 80 127
84 10 10 14 32 75 128
85 10 10 14 32 73 119
86 10 10 14 31 70 116
87 10 10 14 24 78 120
88 10 8 18 25 77 129
89 10 8 18 25 70 135
90 10 8 18 25 69 127
91 10 8 18 25 65 127
92 10 6 18 30 64 133
93 10 6 18 28 68 126
94 10 6 18 28 67 122
95 10 6 18 26 57 145
96 10 11 20 27 59 159
97 10 11 20 26 60 153
98 10 11 20 26 60 141
99 10 11 20 26 59 131
100 10 11 20 26 50 137
0 10 20 40 30 50 70
1 10 20 40 30 50 70
2 10 20 40 30 49 72
3 10 20 39 31 49 76
4 10 20 39 31 47 80
5 10 20 38 33 46 82
6 10 20 37 37 47 88
7 10 18 39 38 51 92
8 10 18 39 39 56 90
9 10 16 38 46 60 88
10 10 16 38 42 62 90
11 10 16 38 42 58 92
12 10 16 38 42 50 101
13 10 6 47 66 56 122
14 10 6 47 66 56 103
15 10 6 47 66 56 92
16 10 6 47 66 54 79
17 10 6 47 65 53 74
18 10 6 45 61 69 67
19 10 6 44 59 74 65
20 10 6 44 58 74 60
21 10 6 37 69 79 56
22 10 6 37 64 84 59
23 10 6 37 63 83 57
24 10 9 36 63 86 51
25 10 9 35 66 88 51
26 10 9 35 55 105 55
27 10 9 35 55 104 48
28 10 9 35 55 104 38
29 10 10 17 99 126 35
30 10 10 17 99 119 33
31 10 10 17 99 117 25
32 10 10 17 98 112 20
33 10 10 17 97 98 34
34 10 10 17 94 86 52
35 10 10 17 91 82 57
36 10 10 15 83 99 50
37 10 10 15 81 99 46
38 10 7 21 81 91 46
39 10 7 18 86 82 56
40 10 7 18 83 83 55
41 10 8 17 73 99 60
42 10 8 17 73 92 63
43 10 8 17 73 86 63
44 10 4 22 37 188 65
45 10 4 22 37 185 57
46 10 4 22 37 182 45
47 10 4 22 37 177 32
48 10 4 22 36 170 27
49 10 4 22 34 164 31
50 10 4 22 31 159 33
51 10 9 20 31 162 26
52 10 9 20 30 160 25
53 10 9 20 29 152 32
54 10 9 17 36 137 61
55 10 9 17 36 134 58
56 10 9 17 36 126 55
57 10 9 17 34 100 101
58 10 9 17 34 90 111
59 10 9 17 34 86 100
60 10 9 17 34 79 100
61 10 8 8 44 84 160
62 10 8 8 44 80 152
63 10 8 8 44 76 142
64 10 8 8 44 73 125
65 10 8 8 44 68 121
66 10 8 8 44 65 116
67 10 6 12 36 77 116
68 10 6 11 37 79 110
69 10 6 11 37 74 111
70 10 11 13 37 71 109
71 10 12 12 38 72 107
72 10 13 12 38 72 102
73 10 12 13 29 83 117
74 10 12 13 28 73 137
75 10 12 13 28 69 132
76 10 12 13 28 69 122
77 10 12 13 28 66 118
78 10 12 13 19 79 125
79 10 12 13 19 76 124
80 10 12 13 19 69 132
81 10 12 13 19 66 133
82 10 13 11 21 65 136
83 10 13 11 21 61 137
84 10 11 15 21 58 139
85 10 11 15 20 57 137
86 10 11 13 24 51 146
87 10 11 13 24 48 146
88 10 13 14 34 51 150
89 10 14 14 34 51 147
90 10 14 14 34 51 139
91 10 14 14 34 51 132
92 10 14 14 34 47 131
93 10 14 14 27 37 175
94 10 14 14 27 36 167
95 10 14 14 27 35 155
96 10 14 14 27 32 151
97 10 12 17 29 33 159
98 10 12 17 29 31 158
99 10 12 17 29 31 151
100 10 12 17 29 31 148
0 10 20 40 30 50 70
1 10 20 40 30 50 70
2 10 20 39 32 50 70
3 10 20 38 33 51 72
4 10 19 38 37 47 80
5 10 20 38 36 48 82
6 10 22 39 38 45 88
7 10 22 39 40 46 94
8 10 21 40 42 40 96
9 10 22 34 51 44 100
10 10 22 34 46 53 92
11 10 22 34 45 49 94
12 10 23 33 41 53 100
13 10 23 33 41 46 109
14 10 23 33 41 41 110
15 10 12 34 78 64 106
16 10 12 34 78 64 95
17 10 12 34 78 64 81
18 10 12 34 78 64 66
19 10 12 34 78 61 60
20 10 12 34 66 84 53
21 10 6 42 77 85 46
22 10 6 42 75 88 41
23 10 6 42 75 82 43
24 10 6 42 74 81 40
25 10 7 46 68 100 34
26 10 7 46 68 96 32
27 10 7 43 66 107 29
28 10 7 42 62 108 42
29 10 7 42 62 103 37
30 10 7 42 59 105 29
31 10 9 25 58 171 24
32 10 9 25 58 160 29
33 10 9 25 58 156 17
34 10 9 25 58 137 28
35 10 9 25 58 130 23
36 10 9 12 85 150 14
37 10 9 12 84 145 15
38 10 9 12 84 134 20
39 10 9 12 84 120 30
40 10 9 12 84 109 34
41 10 9 12 74 122 31
42 10 10 13 74 123 24
43 10 10 13 67 121 45
44 10 10 13 62 99 96
45 10 10 13 62 94 81
46 10 10 13 62 91 68
47 10 10 15 52 108 62
48 10 9 16 51 112 59
49 10 9 16 41 122 73
50 10 9 16 41 117 74
51 10 9 16 41 115 64
52 10 9 16 39 116 58
53 10 9 13 20 158 69
54 10 9 13 20 155 66
55 10 9 13 20 146 67
56 10 9 13 20 129 81
57 10 9 13 20 114 97
58 10 9 20 28 129 95
59 10 9 20 28 129 85
60 10 9 20 28 126 78
61 10 9 20 28 118 82
62 10 9 20 28 109 86
63 10 9 20 26 99 103
64 10 10 20 26 99 95
65 10 10 20 26 92 98
66 10 10 19 25 82 121
67 10 10 19 22 57 172
68 10 10 19 22 53 161
69 10 10 19 22 53 145
70 10 10 19 22 51 137
71 10 8 18 29 45 153
72 10 6 22 28 50 157
73 10 6 22 28 50 149
74 10 6 22 28 50 140
75 10 6 22 28 50 132
76 10 9 21 38 54 148
77 10 9 21 38 53 142
78 10 9 21 38 52 132
79 10 9 21 38 48 130
80 10 9 21 38 43 130
81 10 9 23 35 45 131
82 10 10 23 34 46 126
83 10 10 22 35 47 123
84 10 10 19 37 49 131
85 10 9 20 30 63 134
86 10 9 20 30 63 127
87 10 9 20 30 63 117
88 10 7 23 32 61 117
89 10 4 24 31 74 129
90 10 4 24 30 74 126
91 10 4 24 30 74 118
92 10 4 24 30 73 109
93 10 9 29 31 70 112
94 10 9 29 31 64 117
95 10 9 29 31 61 118
96 10 9 29 31 58 115
97 10 9 29 33 51 131
98 10 9 29 33 47 133
99 10 9 29 33 47 128
100 10 9 29 33 47 120
